[278.78999999999996, 123.83, 137.603, 163.83700000000002, 123.28, 671.331, 121.12599999999999, 192.48499999999999, 121.66000000000001, 127.45100000000001, 155.415, 164.795, 116.381, 126.40299999999999, 118.524, 140.53799999999998, 135.58700000000002, 146.886, 122.931, 142.90200000000002, 115.319, 114.16, 158.056, 131.042, 142.177, 118.985, 128.796, 127.78600000000002, 124.337, 129.334, 122.327, 125.37, 522.85, 124.69, 126.384, 142.56, 138.352, 119.69200000000001, 157.508, 130.89100000000002]


D:\Masters GENIAL\S3_Sweden\M7024E\Labs\Lab 1>python py.py (1mb)
[291.936, 153.091, 156.03300000000002, 213.779, 156.185, 143.34900000000002, 168.114, 151.42600000000002, 116.65599999999999, 115.82900000000001, 144.077, 138.421, 146.57999999999998, 159.81500000000003, 199.744, 127.157, 141.194, 176.804, 149.16899999999998, 141.422, 142.796, 144.35899999999998, 275.004, 158.116, 142.516, 170.21800000000002, 150.697, 188.50900000000001, 201.733, 145.975, 168.085, 173.666, 276.90999999999997, 162.648, 142.19799999999998, 154.179, 221.455, 246.083, 135.12199999999999, 137.69500000000002]

D:\Masters GENIAL\S3_Sweden\M7024E\Labs\Lab 1>python py.py (10Mb)
[580.912, 331.42, 218.89000000000001, 258.193, 279.156, 222.167, 324.023, 205.88, 246.855, 279.07500000000005, 229.986, 261.822, 162.999, 253.90800000000002, 196.076, 221.899, 140.75099999999998, 111.668, 141.674, 139.137, 212.93200000000002, 137.327, 165.231, 131.708, 164.489, 187.557, 130.44, 125.311, 128.875, 160.131, 129.423, 219.882, 132.55, 111.0, 131.192, 168.30700000000002, 247.24099999999999, 227.08700000000002, 136.208, 128.81799999999998]

D:\Masters GENIAL\S3_Sweden\M7024E\Labs\Lab 1>python py.py (20Mb)
[396.425, 157.175, 183.01600000000002, 129.561, 139.96800000000002, 184.726, 145.507, 129.357, 272.99, 148.843, 146.00199999999998, 213.895, 137.774, 207.512, 203.216, 130.53, 165.112, 172.49200000000002, 132.185, 128.89800000000002, 263.522, 159.422, 289.98, 179.53, 241.481, 144.24, 210.816, 165.045, 253.78099999999998, 144.119, 269.62199999999996, 161.972, 130.042, 212.618, 149.828, 168.349, 246.172, 158.975, 241.52100000000002, 156.047]

D:\Masters GENIAL\S3_Sweden\M7024E\Labs\Lab 1>python py.py (50Mb)
[292.88399999999996, 577.798, 207.52100000000002, 347.31800000000004, 135.23399999999998, 236.264, 190.863, 235.72, 149.292, 251.878, 158.561, 212.363, 156.246, 205.05, 176.93900000000002, 259.46200000000005, 201.774, 236.945, 135.203, 182.087, 147.07899999999998, 188.972, 129.536, 172.465, 126.18499999999999, 176.816, 223.196, 156.306, 256.857, 150.21300000000002, 240.343, 159.29, 265.387, 197.554, 201.936, 180.63899999999998, 200.47899999999998, 154.664, 245.617, 267.89099999999996]